structure(list(coefficients = structure(c(-0.363075521319031, 
0.415755416352412), .Names = c("(Intercept)", "Petal.Length")), 
    residuals = structure(c(-0.0189820615743473, -0.0189820615743555, 
    0.0225934800608941, -0.0605576032095881, -0.0189820615743469, 
    0.0562913135199297, 0.0810179384256532, -0.0605576032095881, 
    -0.0189820615743469, -0.160557603209588, -0.0605576032095881, 
    -0.102133144844829, -0.118982061574347, 0.00574456333137677, 
    0.0641690216961356, 0.139442396790412, 0.222593480060894, 
    0.0810179384256532, -0.0437086864800703, 0.039442396790412, 
    -0.14370868648007, 0.139442396790412, 0.147320104966618, 
    0.15629131351993, -0.226859769750553, -0.102133144844829, 
    0.0978668551551708, -0.0605576032095881, -0.0189820615743469, 
    -0.102133144844829, -0.102133144844829, 0.139442396790412, 
    -0.160557603209588, -0.0189820615743469, -0.0605576032095881, 
    0.0641690216961356, 0.0225934800608941, -0.118982061574347, 
    0.0225934800608941, -0.0605576032095881, 0.122593480060894, 
    0.122593480060894, 0.0225934800608941, 0.297866855155171, 
    -0.0268597697505526, 0.0810179384256532, -0.102133144844829, 
    -0.0189820615743469, -0.0605576032095881, -0.0189820615743469, 
    -0.190974935537305, -0.00782385226682264, -0.174126018807787, 
    5.38559093831892e-05, -0.0493993939020636, -0.207823852266823, 
    0.00902506446269509, -0.00891735264392872, -0.249399393902064, 
    0.141629397544624, -0.0920684359144111, 0.116902772638901, 
    -0.299946144090617, -0.190974935537305, 0.166356022450348, 
    -0.0662483106315817, -0.00782385226682264, -0.341521685725858, 
    -0.00782385226682264, -0.158370602455376, 0.167449522827454, 
    5.38559093831892e-05, -0.174126018807787, -0.390974935537305, 
    -0.12467276899634, -0.0662483106315817, -0.232550477172546, 
    -0.0157015604430284, -0.00782385226682264, -0.0920684359144111, 
    -0.116795060820134, -0.175219519184893, -0.0583706024553757, 
    -0.157277102078269, -0.00782385226682264, 0.0921761477331774, 
    -0.090974935537305, -0.166248310631582, -0.0415216857258578, 
    5.38559093831892e-05, -0.266248310631582, -0.149399393902064, 
    -0.0999461440906169, -0.00891735264392872, -0.0830972273610992, 
    -0.183097227361099, -0.0830972273610992, -0.12467276899634, 
    0.215809272261795, -0.0415216857258578, 0.36854302320456, 
    0.14272289792173, 0.0101185648398012, -0.165154810254475, 
    0.151694106475043, -0.280910226606887, 0.192176147733177, 
    -0.456183601701163, -0.248305893524958, 0.326967481569319, 
    0.242722897921731, 0.0595718146512481, 0.176420731380766, 
    0.284298439556972, 0.642722897921731, 0.459571814651248, 
    -0.123579268619234, -0.222485768242128, -0.205636851512611, 
    -0.215701560443028, 0.293269648110283, 0.325873981192213, 
    -0.422485768242128, 0.125873981192213, 0.0932696481102836, 
    -0.33145697679544, 0.167449522827454, 0.125873981192213, 
    0.134845189745525, -0.448305893524957, -0.273032518430681, 
    -0.297759143336405, 0.234845189745525, -0.257277102078269, 
    -0.565154810254475, 0.126967481569319, 0.434845189745525, 
    -0.123579268619234, 0.167449522827454, 0.217996273016007, 
    0.434845189745525, 0.54272289792173, 0.14272289792173, 0.210118564839801, 
    0.493269648110284, 0.501147356286489, 0.184298439556972, 
    0.201147356286489, 0.417996273016007, 0.0427228979217306), .Names = c("1", 
    "2", "3", "4", "5", "6", "7", "8", "9", "10", "11", "12", 
    "13", "14", "15", "16", "17", "18", "19", "20", "21", "22", 
    "23", "24", "25", "26", "27", "28", "29", "30", "31", "32", 
    "33", "34", "35", "36", "37", "38", "39", "40", "41", "42", 
    "43", "44", "45", "46", "47", "48", "49", "50", "51", "52", 
    "53", "54", "55", "56", "57", "58", "59", "60", "61", "62", 
    "63", "64", "65", "66", "67", "68", "69", "70", "71", "72", 
    "73", "74", "75", "76", "77", "78", "79", "80", "81", "82", 
    "83", "84", "85", "86", "87", "88", "89", "90", "91", "92", 
    "93", "94", "95", "96", "97", "98", "99", "100", "101", "102", 
    "103", "104", "105", "106", "107", "108", "109", "110", "111", 
    "112", "113", "114", "115", "116", "117", "118", "119", "120", 
    "121", "122", "123", "124", "125", "126", "127", "128", "129", 
    "130", "131", "132", "133", "134", "135", "136", "137", "138", 
    "139", "140", "141", "142", "143", "144", "145", "146", "147", 
    "148", "149", "150")), effects = structure(c(-14.6887734908898, 
    8.95878546199675, 0.0257126347454761, -0.0575863667531832, 
    -0.0159368660038535, 0.0591146317481575, 0.0840631339961466, 
    -0.0575863667531832, -0.0159368660038535, -0.157586366753183, 
    -0.0575863667531832, -0.099235867502513, -0.115936866003853, 
    0.00901163624413592, 0.0673621354948062, 0.142413633246817, 
    0.225712634745476, 0.0840631339961466, -0.0408853682518425, 
    0.0424136332468169, -0.140885368251843, 0.142413633246817, 
    0.150661136993465, 0.159114631748157, -0.224184369750502, 
    -0.099235867502513, 0.100764132497487, -0.0575863667531832, 
    -0.0159368660038535, -0.099235867502513, -0.099235867502513, 
    0.142413633246817, -0.157586366753183, -0.0159368660038535, 
    -0.0575863667531832, 0.0673621354948062, 0.0257126347454761, 
    -0.115936866003853, 0.0257126347454761, -0.0575863667531832, 
    0.125712634745476, 0.125712634745476, 0.0257126347454761, 
    0.300764132497487, -0.024184369750502, 0.0840631339961466, 
    -0.099235867502513, -0.0159368660038535, -0.0575863667531832, 
    -0.0159368660038535, -0.190370390731734, -0.00707138923307482, 
    -0.173669392230394, 0.00117611451357386, -0.0487208899824044, 
    -0.207071389233075, 0.00962960926826578, -0.00727738024111807, 
    -0.248720889982404, 0.142825615262903, -0.0905763817397776, 
    0.117877113014914, -0.298823885486426, -0.190370390731734, 
    0.167774117510893, -0.0654218884837453, -0.00707138923307482, 
    -0.340473386235756, -0.00707138923307482, -0.157174384737096, 
    0.167980108518936, 0.00117611451357386, -0.173669392230394, 
    -0.390370390731734, -0.123772387734415, -0.0654218884837453, 
    -0.232019891481064, -0.0153188929797234, -0.00707138923307482, 
    -0.0905763817397776, -0.115524883987767, -0.173875383238437, 
    -0.0571743847370965, -0.156968393729053, -0.00707138923307482, 
    0.0929286107669253, -0.0903703907317343, -0.165421888483745, 
    -0.0404733862357557, 0.00117611451357386, -0.265421888483745, 
    -0.148720889982404, -0.0988238854864262, -0.00727738024111807, 
    -0.0821228869850857, -0.182122886985086, -0.0821228869850857, 
    -0.123772387734415, 0.217671122006871, -0.0404733862357557, 
    0.368186099526979, 0.143031606270947, 0.00983560027630903, 
    -0.165215897475702, 0.151485101025639, -0.281710904968999, 
    0.192928610766925, -0.45676240272101, -0.248514898974361, 
    0.32653659877765, 0.243031606270947, 0.0597326047722874, 
    0.176433603273628, 0.284681107020277, 0.643031606270947, 
    0.459732604772287, -0.123566396726372, -0.223360405718329, 
    -0.206659407216988, -0.215318892979723, 0.293134601774968, 
    0.326330607769606, -0.423360405718329, 0.126330607769606, 
    0.0931346017749686, -0.331813900473021, 0.167980108518936, 
    0.126330607769606, 0.134784102524299, -0.448514898974361, 
    -0.27346340122235, -0.29841190347034, 0.234784102524299, 
    -0.256968393729053, -0.565215897475702, 0.12653659877765, 
    0.434784102524298, -0.123566396726372, 0.167980108518936, 
    0.218083104022958, 0.434784102524298, 0.543031606270947, 
    0.143031606270947, 0.209835600276309, 0.493134601774968, 
    0.501382105521617, 0.184681107020277, 0.201382105521617, 
    0.418083104022957, 0.043031606270947),